y   x1        x2
48	0.7209039	2
307	0.8757732	3
48	0.7609823	2
295	0.8861246	3
11	0.456481	1
0	0.1663718	0
2	0.3250954	1
7	0.5092243	1
49	0.7277053	2
1723	0.9897369	4
0	0.03453544	0
2	0.1523735	0
50	0.735685	2
0	0.001136587	0
5	0.3912033	1
5	0.4624947	1
3	0.388144	1
4	0.4024851	1
4	0.1789636	1
309	0.9516588	3
4	0.4537281	1
3	0.3267524	1
391	0.9654153	3
45	0.7074819	2
41	0.6445426	2
8	0.3898285	1
47	0.6985436	2
26	0.5440579	2
1	0.2264672	1
6	0.4845578	1
66	0.7930072	2
0	0.00598763	0
1	0.1877124	1
44	0.6818336	2
5	0.3701041	1
1	0.3616256	1
287	0.8687949	3
305	0.9041547	3
46	0.6174246	2
2	0.1340316	0
44	0.7821933	2
6	0.4291988	1
336	0.927274	3
48	0.7732432	2
7	0.2596812	1
4	0.3212247	1
0	0.06019516	0
0	0.04345645	0
1	0.05505382	0
35	0.6255428	2
329	0.9644703	3
65	0.8273029	2
5	0.3150282	1
1	0.2130255	1
56	0.7324961	2
3	0.499241	1
47	0.729772	2
0	0.08033604	0
6	0.4355305	1
4	0.2365805	1
43	0.7915678	2
4	0.2586843	1
1827	0.9859838	4
49	0.7568737	2
1733	0.9797782	4
2	0.2189478	1
340	0.9487072	3
1	0.1494579	0
31	0.600357	2
377	0.9464308	3
42	0.6883534	2
5	0.5055337	1
4	0.3729362	1
4	0.335805	1
0	0.04825135	0
37	0.6189475	2
382	0.9614473	3
32	0.6549605	2
2	0.510292	1
1	0.1500982	0
306	0.8704479	3
10	0.5144417	1
1	0.008647914	0
1	0.01919477	0
0	0.1445119	0
1	0.3050318	1
64	0.8256569	2
7	0.5023446	1
49	0.8035726	2
2	0.06063998	0
379	0.9279551	3
66	0.8081786	2
1	0.07881334	0
34	0.6009283	2
41	0.7147799	2
7	0.5138457	1
43	0.7201165	2
49	0.7499463	2
0	0.09564052	0
7	0.3978259	1
