Tamaño Aleron Agua Porc Presion Tiempo Distancia
350 No 100 0.286 0.1 2.58 12.97
350 No 100 0.286 0.1 2.12 12.36
350 No 100 0.286 0.3 2.85 17.59
350 No 100 0.286 0.2 2.75 18.76
350 No 100 0.286 0.2 2.57 16.14
350 No 100 0.286 0.1 2.30 15.73
350 No 100 0.286 0.2 2.95 14.39
350 No 100 0.286 0.1 2.31 12.51
350 Si 100 0.286 0.2 1.31 11.51 
350 Si 100 0.286 0.1 1.52 12.38
350 Si 100 0.286 0.2 1.91 16.77
350 Si 100 0.286 0.2 1.64 11.02
350 Si 100 0.286 0.3 1.29 13.82
350 Si 100 0.286 0.2 2.59 13.09
350 Si 100 0.286 0.1 1.13 11.66
350 Si 100 0.286 0.1 1.26 9.44
1500 No 450 0.3 0.6 1.73 12.59
1500 No 450 0.3 0.8 1.96 11.43
1500 No 450 0.3 0.5 1.62 9.19
1500 No 450 0.3 0.5 1.55 10.67
1500 No 450 0.3 1 2.8 13.85
1500 No 450 0.3 0.6 1.44 11.40
1500 No 450 0.3 0.7 2.24 11.09
1500 No 450 0.3 0.6 1.18 10.91
1500 Si 450 0.3 0.5 2.49 12.42
1500 Si 450 0.3 0.7 2.17 13.60
1500 Si 450 0.3 0.9 2.35 13.88 
1500 Si 450 0.3 0.4 1.91 9.53 
1500 Si 450 0.3 1 2.60 10.41
1500 Si 450 0.3 0.7 2.71 12.50
1500 Si 450 0.3 0.5 2.05 9.32
1500 Si 450 0.3 0.3 1.57 8.93 
3125 No 800 0.256 2.2 1.73 29.10
3125 No 800 0.256 1.6 2.24 22.10
3125 No 800 0.256 2 1.38 24.18
3125 No 800 0.256 1.7 2.17 23.33 
3125 No 800 0.256 1.3 1.96 18.27
3125 No 800 0.256 1.4 2.02 19.61
3125 No 800 0.256 1.8 1.54 24.20
3125 No 800 0.256 1.3 1.47 17.02
3125 Si 800 0.256 2 1.91 22.56
3125 Si 800 0.256 1.9 1.81 20.17
3125 Si 800 0.256 1.6 2.15 19.90
3125 Si 800 0.256 1.8 1.45 19.12 
3125 Si 800 0.256 1.6 1.29 20.47
3125 Si 800 0.256 1.3 2.76 21.32
3125 Si 800 0.256 2.1 1.20 24.31
3125 Si 800 0.256 1.7 0.97 19.80
