1 1 20 0 0.99
1 2 20 0 0.95
1 3 20 0 0.95
1 8 20 0 0.5
1 16 20 0 0.375
1 33 20 0 0.225
1 61 20 0 0.05
2 1 15 -1 1
2 2 15 -1 0.95
2 3 15 -1 0.9
2 4 15 -1 0.9
2 12 15 -1 0.55
2 21 15 -1 0.475
2 29 15 -1 0.25
2 44 15 -1 0.05
3 1 25 1 0.99
3 2 25 1 0.99
3 3 25 1 0.95
3 4 25 1 0.9
3 7 25 1 0.875
3 12 25 1 0.725
3 15 25 1 0.725
3 19 25 1 0.55
3 25 25 1 0.5
3 28 25 1 0.5
3 31 25 1 0.5
4 1 20 0 1
4 10 20 0 0.85
4 24 20 0 0.475
4 30 20 0 0.5
4 44 20 0 0.1
5 2 15 -1 0.6
5 15 15 -1 0.35
5 22 15 -1 0.3
6 1 20 0 0.95
6 4 20 0 0.85
6 8 20 0 0.75
6 22 20 0 0.45
7 1 20 0 1
7 3 20 0 1
7 5 20 0 1
7 8 20 0 1
7 13 20 0 0.98
7 21 20 0 0.75
7 35 20 0 0.75
7 54 20 0 0.7
8 1 25 1 1
8 9 25 1 0.975
8 20 25 1 0.6
8 49 25 1 0.1
9 1 25 1 1
9 2 25 1 1
9 6 25 1 1
9 12 25 1 1
9 19 25 1 0.9
9 25 25 1 0.85
10 1 20 0 1
10 2 20 0 1
10 4 20 0 0.97
10 13 20 0 0.95
10 22 20 0 0.9
10 34 20 0 0.825
11 1 20 0 0.825
11 2 20 0 0.75
11 3 20 0 0.75
11 9 20 0 0.775
11 20 20 0 0.6
11 30 20 0 0.3
11 37 20 0 0.3
12 1 15 -1 0.4
12 2 15 -1 0.4
12 3 15 -1 0.3
12 4 15 -1 0.3
12 18 15 -1 0.3
13 1 20 0 0.9
13 3 20 0 0.9
13 10 20 0 0.9
13 24 20 0 0.6
14 1 15 -1 0.725
14 11 15 -1 0.65
14 32 15 -1 0.275
15 3 25 1 0.4
15 4 25 1 0.4
15 8 25 1 0.4
15 21 25 1 0.2
16 1 15 -1 1
16 10 15 -1 1
16 24 15 -1 0.85
16 29 15 -1 0.8
16 36 15 -1 0.75
17 1 20 0 0.65
17 2 20 0 0.55
17 4 20 0 0.6
17 13 20 0 0.25
17 19 20 0 0.25
17 31 20 0 0.225
18 1 25 1 0.98
18 2 25 1 0.98
18 3 25 1 0.98
18 4 25 1 0.9
18 7 25 1 0.875
18 10 25 1 0.775
18 25 25 1 0.425
18 31 25 1 0.375
18 40 25 1 0.2
18 47 25 1 0.175
18 61 25 1 0.075
19 1 25 1 0.825
19 64 25 1 0.1
19 67 25 1 0.1
20 1 25 1 0.85
20 2 25 1 0.85
20 3 25 1 0.8
20 4 25 1 0.875
20 11 25 1 0.8
20 40 25 1 0.425
21 1 25 1 1
21 3 25 1 1
21 8 25 1 0.85
21 15 25 1 0.8
21 21 25 1 0.6
21 31 25 1 0.2
22 1 15 -1 0.825
22 6 15 -1 0.75
22 12 15 -1 0.45
22 26 15 -1 0.15
23 1 25 1 1
23 9 25 1 0.95
23 26 25 1 0.7
23 33 25 1 0.4
23 40 25 1 0.125
23 44 25 1 0.15
23 54 25 1 0.1
24 1 20 0 1
24 8 20 0 0.99
24 15 20 0 0.7
24 22 20 0 0.45
24 29 20 0 0.15
24 38 20 0 0.05
25 1 20 0 0.5
25 4 20 0 0.4
25 7 20 0 0.3
25 13 20 0 0.2
25 20 20 0 0
26 1 20 0 0.9
26 4 20 0 1
26 14 20 0 0.9
26 29 20 0 0.75
26 78 20 0 0
27 1 15 -1 0.75
27 4 15 -1 0.75
27 9 15 -1 0.75
27 23 15 -1 0.5
27 36 15 -1 0.2
27 54 15 -1 0
28 1 20 0 0.9
28 2 20 0 0.9
28 25 20 0 0.25
29 1 20 0 0.95
29 5 20 0 0.6
29 13 20 0 0.35
29 27 20 0 0.225
29 33 20 0 0.2
30 1 20 0 1
30 3 20 0 0.9
30 9 20 0 0.6
31 1 25 1 0.9
31 2 25 1 0.9
31 3 25 1 0.9
31 4 25 1 0.9
31 5 25 1 0.9
31 7 25 1 0.95
31 9 25 1 0.95
31 11 25 1 0.8
31 15 25 1 0.8
31 18 25 1 0.75
31 24 25 1 0.5
31 28 25 1 0.45
31 36 25 1 0.33
31 42 25 1 0.125
31 49 25 1 0.125
